6,64,3
29,57,18
-29,57,10
0,51,32
-25,51,27
9,51,16
-6,50,-1
27,49,26
42,48,-3
-43,47,2
-11,45,17
39,42,16
8,42,-5
9,39,20
46,39,-15
40,36,29
23,33,47
34,32,7
-2,30,27
-16,29,54
-1,28,40
46,28,31
-52,28,17
-44,27,33
51,23,8
38,21,-1
9,20,34
-36,18,2
40,17,40
-6,17,34
0,15,45
58,11,14
-46,10,14
44,8,34
60,8,34
-42,7,36
-55,7,23
-20,6,7
14,6,7
-48,6,1
10,5,51
43,1,12
0,-1,52
37,-2,-3
53,-3,32
58,-3,17
-12,-3,13
-42,-3,11
-44,-6,49
-26,-8,54
46,-8,24
-54,-9,23
44,-11,38
-47,-12,36
33,-12,16
-36,-12,15
-12,-12,6
11,-12,6
32,-12,2
59,-13,8
-30,-14,1
-38,-15,59
52,-15,-13
-47,-18,50
46,-20,45
-55,-22,38
-54,-22,22
-54,-22,9
41,-23,55
42,-24,17
11,-24,2
-59,-25,-15
1,-26,31
18,-27,62
-38,-27,60
-30,-28,9
-24,-30,64
51,-30,5
-41,-31,48
-4,-31,-4
54,-31,-18
-41,-37,16
-53,-37,13
28,-37,-15
-3,-38,45
34,-39,65
8,-40,50
-41,-40,42
58,-41,20
-8,-41,3
-61,-41,-2
-28,-42,-11
-5,-43,25
9,-43,25
43,-43,8
54,-44,43
-55,-44,30
-28,-44,-25
-35,-46,48
42,-46,21
-48,-47,49
-41,-47,29
-59,-47,11
-53,-50,39
5,-50,33
-18,-50,1
44,-52,47
-5,-52,17
-24,-54,-21
-37,-54,-37
10,-55,17
-6,-56,29
-34,-57,-24
-32,-58,46
-11,-58,17
32,-59,41
51,-59,34
-34,-60,-5
36,-60,-8
-6,-60,-15
-25,-60,-34
32,-61,-31
46,-62,5
-48,-63,35
-52,-63,15
-44,-63,-7
-16,-64,-21
21,-64,-22
19,-66,-1
1,-66,-24
-34,-67,-29
11,-68,42
17,-68,20
-36,-69,40
39,-71,13
-9,-72,41
45,-72,29
-11,-72,-14
29,-73,29
33,-73,-30
-2,-75,32
-29,-75,28
5,-75,-11
14,-75,-21
-16,-76,33
-42,-76,26
9,-76,14
15,-77,32
20,-78,-2
-21,-79,-33
-6,-79,-33
-5,-80,9
29,-81,14
33,-81,-2
18,-81,-33
-37,-83,-2
-29,-88,8
13,-91,2
27,-91,2
-4,-94,12
